10 1 13.39 
10 2 7.22 
10 3 5.15 
10 4 12.08 
10 5 11.24 
10 6 4.04 
10 7 4.94 
10 8 5.78 
10 9 5.28 
10 10 4.37 
11 1 3.82 
11 2 2.5 
11 3 4.54 
11 4 3.02 
11 5 11.01 
11 6 5.05 
11 7 5.55 
11 8 2.84 
11 9 6.04 
11 10 3.78 
12 1 1.8 
12 2 1.83 
12 3 2.24 
12 4 6.09 
12 5 11.24 
12 6 8.83 
12 7 3.1 
12 8 3.89 
12 9 7.27 
12 10 3.73 
13 1 2.36 
13 2 2.53 
13 3 3.73 
13 4 7.06 
13 5 4.56 
13 6 5.93 
13 7 3.23 
13 8 5.52 
13 9 4.49 
13 10 2.92 
14 1 2.87 
14 2 4.66 
14 3 3.29 
14 4 6.57 
14 5 12.14 
14 6 27.83 
14 7 8.54 
14 8 5.79 
14 9 4.31 
14 10 5.88 
15 1 3.66 
15 2 14.03 
15 3 7.71 
15 4 13.09 
15 5 3.08 
15 6 4.02 
15 7 4.23 
15 8 3.82 
15 9 4.44 
15 10 4.61 
16 1 7.75 
16 2 2.36 
16 3 2.34 
16 4 2.65 
16 5 2.68 
16 6 2.98 
16 7 5.24 
16 8 4.72 
16 9 3.56 
16 10 3.78 
17 1 3.09 
17 2 4.2 
17 3 5.02 
17 4 7.86 
17 5 6.04 
17 6 9.81 
17 7 5.74 
17 8 6.59 
17 9 3.72 
17 10 5.11 
18 1 4.74 
18 2 3.07 
18 3 2.38 
18 4 10.79 
18 5 5.11 
18 6 8.97 
18 7 14.49 
18 8 9.14 
18 9 14.33 
18 10 8.42 
19 1 7.28 
19 2 8.39 
19 3 5.71 
19 4 3.42 
19 5 2.93 
19 6 3.11 
19 7 3.94 
19 8 3.26 
19 9 3.37 
19 10 3.46 
20 1 2.6 
20 2 3.56 
20 3 3.89 
20 4 3.39 
20 5 2.98 
20 6 5.46 
20 7 4.43 
20 8 5.52 
20 9 7.96 
20 10 6.22 
21 1 4.58 
21 2 3.6 
21 3 3.01 
21 4 3.62 
21 5 7.27 
21 6 4.65 
21 7 6.81 
21 8 6.03 
21 9 4.96 
21 10 8.03 
22 1 3.71 
22 2 5.74 
22 3 5.79 
22 4 6.94 
22 5 6.28 
22 6 4.89 
22 7 3.9 
22 8 3.63 
22 9 4.46 
22 10 3.72 
23 1 3.28 
23 2 4.63 
23 3 4.12 
23 4 4.23 
23 5 4.4 
23 6 4.78 
23 7 4.55 
23 8 8.43 
23 9 7.14 
23 10 7.09 
24 1 3.52 
24 2 5.25 
24 3 10.36 
24 4 6.67 
24 5 5.8 
24 6 6.23 
24 7 11.03 
24 8 13.83 
24 9 9.15 
24 10 14.01 
25 1 17.78 
25 2 6.67 
25 3 8.96 
25 4 10.74 
25 5 7.68 
25 6 5.25 
25 7 4.85 
25 8 4.76 
25 9 4.98 
25 10 8.45 
26 1 4.48 
26 2 4.81 
26 3 5.13 
26 4 13.17 
26 5 5.61 
26 6 5.63 
26 7 5.39 
26 8 4.34 
26 9 7.76 
26 10 5.16 
27 1 4.16 
27 2 4.85 
27 3 10.39 
27 4 7.64 
27 5 7.26 
27 6 6.51 
27 7 5.41 
27 8 9.36 
27 9 8.64 
27 10 8.05 
28 1 5.16 
28 2 6.76 
28 3 5.39 
28 4 6.43 
28 5 5.78 
28 6 4.19 
28 7 4.98 
28 8 5.92 
28 9 5.28 
28 10 7.22 
29 1 6.34 
29 2 5.21 
29 3 4.78 
29 4 5.09 
29 5 6.92 
29 6 6.12 
29 7 5.75 
29 8 8.58 
29 9 15.41 
29 10 6.57 
30 1 10.05 
30 2 7.81 
30 3 6.69 
30 4 10.54 
30 5 4.37 
30 6 6.29 
30 7 5.97 
30 8 5.68 
30 9 6.0 
30 10 5.62 
31 1 32.66 
31 2 7.9 
31 3 5.52 
31 4 6.66 
31 5 10.22 
31 6 6.43 
31 7 6.35 
31 8 6.83 
31 9 5.43 
31 10 6.91 
32 1 9.77 
32 2 10.89 
32 3 13.16 
32 4 6.3 
32 5 6.51 
32 6 4.8 
32 7 8.22 
32 8 12.4 
32 9 11.37 
32 10 10.61 
33 1 6.35 
33 2 8.33 
33 3 6.98 
33 4 8.66 
33 5 8.76 
33 6 5.98 
33 7 9.03 
33 8 7.73 
33 9 10.4 
33 10 13.74 
34 1 6.66 
34 2 6.48 
34 3 6.87 
34 4 7.74 
34 5 8.88 
34 6 6.34 
34 7 6.72 
34 8 13.63 
34 9 18.69 
34 10 11.66 
35 1 21.81 
35 2 14.96 
35 3 12.05 
35 4 10.18 
35 5 11.74 
35 6 5.83 
35 7 12.95 
35 8 11.65 
35 9 7.11 
35 10 11.43 
36 1 19.67 
36 2 8.14 
36 3 8.93 
36 4 6.86 
36 5 12.32 
36 6 8.6 
36 7 7.27 
36 8 8.28 
36 9 8.33 
36 10 6.93 
37 1 6.31 
37 2 7.38 
37 3 10.72 
37 4 8.57 
37 5 7.39 
37 6 7.32 
37 7 7.24 
37 8 8.04 
37 9 8.09 
37 10 7.44 
38 1 10.25 
38 2 10.17 
38 3 8.31 
38 4 9.01 
38 5 5.78 
38 6 6.5 
38 7 5.86 
38 8 6.2 
38 9 7.72 
38 10 6.62 
39 1 15.95 
39 2 5.54 
39 3 5.18 
39 4 5.25 
39 5 5.44 
39 6 5.38 
39 7 5.57 
39 8 5.71 
39 9 10.52 
39 10 15.3 
40 1 4.65 
40 2 5.77 
40 3 8.01 
40 4 12.14 
40 5 10.23 
40 6 9.15 
40 7 12.65 
40 8 15.62 
40 9 18.16 
40 10 10.26 
41 1 6.31 
41 2 7.41 
41 3 7.33 
41 4 7.46 
41 5 5.62 
41 6 5.73 
41 7 7.24 
41 8 9.32 
41 9 13.18 
41 10 7.58 
42 1 5.57 
42 2 5.17 
42 3 5.63 
42 4 14.79 
42 5 12.9 
42 6 10.45 
42 7 11.2 
42 8 8.35 
42 9 6.49 
42 10 7.3 
43 1 5.15 
43 2 5.37 
43 3 5.22 
43 4 5.11 
43 5 5.88 
43 6 5.59 
43 7 6.74 
43 8 6.16 
43 9 6.87 
43 10 6.51 
44 1 4.53 
44 2 4.69 
44 3 4.71 
44 4 5.66 
44 5 6.87 
44 6 6.05 
44 7 5.87 
44 8 5.39 
44 9 5.38 
44 10 5.51 
45 1 4.53 
45 2 4.94 
45 3 5.66 
45 4 5.65 
45 5 5.84 
45 6 7.6 
45 7 6.83 
45 8 7.53 
45 9 5.73 
45 10 6.67 
46 1 6.83 
46 2 6.06 
46 3 6.74 
46 4 7.14 
46 5 6.28 
46 6 5.71 
46 7 6.19 
46 8 6.02 
46 9 8.02 
46 10 7.19 
47 1 6.52 
47 2 5.79 
47 3 5.88 
47 4 5.35 
47 5 5.1 
47 6 5.78 
47 7 6.3 
47 8 6.46 
47 9 6.49 
47 10 6.8 
48 1 5.94 
48 2 7.92 
48 3 6.22 
48 4 5.82 
48 5 7.14 
48 6 7.01 
48 7 6.79 
48 8 11.75 
48 9 6.57 
48 10 6.31 
49 1 5.37 
49 2 8.85 
49 3 6.83 
49 4 8.42 
49 5 6.91 
49 6 8.44 
49 7 6.17 
49 8 6.4 
49 9 6.81 
49 10 8.81 
50 1 6.89 
50 2 6.01 
50 3 6.49 
50 4 6.12 
50 5 5.39 
50 6 5.86 
50 7 7.0 
50 8 7.09 
50 9 7.26 
50 10 7.19 
51 1 6.59 
51 2 5.42 
51 3 5.44 
51 4 5.85 
51 5 6.36 
51 6 9.52 
51 7 10.43 
51 8 10.96 
51 9 9.63 
51 10 6.16 
52 1 8.95 
52 2 7.14 
52 3 9.7 
52 4 7.13 
52 5 7.27 
52 6 6.13 
52 7 6.84 
52 8 7.26 
52 9 8.85 
52 10 8.19 
53 1 6.41 
53 2 6.78 
53 3 6.04 
53 4 5.73 
53 5 6.13 
53 6 6.68 
53 7 6.81 
53 8 7.27 
53 9 7.31 
53 10 7.19 
54 1 6.31 
54 2 6.04 
54 3 6.62 
54 4 8.7 
54 5 7.19 
54 6 9.31 
54 7 7.34 
54 8 8.03 
54 9 7.05 
54 10 10.13 
55 1 9.88 
55 2 6.09 
55 3 6.62 
55 4 6.9 
55 5 6.42 
55 6 8.61 
55 7 10.59 
55 8 7.98 
55 9 7.65 
55 10 7.15 
56 1 6.01 
56 2 7.44 
56 3 6.71 
56 4 7.48 
56 5 9.07 
56 6 9.12 
56 7 9.13 
56 8 8.7 
56 9 7.31 
56 10 7.98 
57 1 9.84 
57 2 10.3 
57 3 9.4 
57 4 10.05 
57 5 9.46 
57 6 6.63 
57 7 9.9 
57 8 7.81 
57 9 10.48 
57 10 9.84 
58 1 7.03 
58 2 6.17 
58 3 6.56 
58 4 8.01 
58 5 7.63 
58 6 7.49 
58 7 7.97 
58 8 8.06 
58 9 9.7 
58 10 7.18 
59 1 7.31 
59 2 7.17 
59 3 7.27 
59 4 8.97 
59 5 9.74 
59 6 7.68 
59 7 8.2 
59 8 9.94 
59 9 9.45 
59 10 13.17 
60 1 8.25 
60 2 7.59 
60 3 8.05 
60 4 10.59 
60 5 10.04 
60 6 12.19 
60 7 7.97 
60 8 7.0 
60 9 8.6 
60 10 10.29 
61 1 11.6 
61 2 12.52 
61 3 11.44 
61 4 10.72 
61 5 9.66 
61 6 14.92 
61 7 16.18 
61 8 13.32 
61 9 13.48 
61 10 11.78 
62 1 11.27 
62 2 14.2 
62 3 10.63 
62 4 8.1 
62 5 7.19 
62 6 8.17 
62 7 7.33 
62 8 9.73 
62 9 8.76 
62 10 9.87 
63 1 7.7 
63 2 7.43 
63 3 7.15 
63 4 9.11 
63 5 8.82 
63 6 9.52 
63 7 9.5 
63 8 10.3 
63 9 10.41 
63 10 11.07 
64 1 9.48 
64 2 10.49 
64 3 9.16 
64 4 7.59 
64 5 7.83 
64 6 9.06 
64 7 10.64 
64 8 9.14 
64 9 8.93 
64 10 8.58 
65 1 7.17 
65 2 7.76 
65 3 7.74 
65 4 8.6 
65 5 8.38 
65 6 7.88 
65 7 7.8 
65 8 8.29 
65 9 8.65 
65 10 8.56 
66 1 9.49 
66 2 7.37 
66 3 11.81 
66 4 15.07 
66 5 9.93 
66 6 9.57 
66 7 10.48 
66 8 7.99 
66 9 8.38 
66 10 9.42 
67 1 8.35 
67 2 8.04 
67 3 8.42 
67 4 8.28 
67 5 7.63 
67 6 7.92 
67 7 8.78 
67 8 8.81 
67 9 8.65 
67 10 8.57 
68 1 7.9 
68 2 8.2 
68 3 8.24 
68 4 14.59 
68 5 9.04 
68 6 10.0 
68 7 10.44 
68 8 8.68 
68 9 30.09 
68 10 11.39 
69 1 9.3 
69 2 9.09 
69 3 9.81 
69 4 11.12 
69 5 8.67 
69 6 9.71 
69 7 9.44 
69 8 10.25 
69 9 11.56 
69 10 13.0 
70 1 6.98 
70 2 7.54 
70 3 7.14 
70 4 10.81 
70 5 8.95 
70 6 10.44 
70 7 12.53 
70 8 9.45 
70 9 11.71 
70 10 19.89 
71 1 14.77 
71 2 12.35 
71 3 11.18 
71 4 11.48 
71 5 12.67 
71 6 9.04 
71 7 11.16 
71 8 8.81 
71 9 8.87 
71 10 52.15 
72 1 7.49 
72 2 9.74 
72 3 7.43 
72 4 10.43 
72 5 11.74 
72 6 9.52 
72 7 12.2 
72 8 10.06 
72 9 8.33 
72 10 10.08 
73 1 10.36 
73 2 7.44 
73 3 7.62 
73 4 7.63 
73 5 12.31 
73 6 18.34 
73 7 13.56 
73 8 13.72 
73 9 16.4 
73 10 22.84 
74 1 16.89 
74 2 9.52 
74 3 13.03 
74 4 11.63 
74 5 14.34 
74 6 11.96 
74 7 12.41 
74 8 12.33 
74 9 10.89 
74 10 16.75 
75 1 11.55 
75 2 9.98 
75 3 9.75 
75 4 8.22 
75 5 8.08 
75 6 8.87 
75 7 12.18 
75 8 8.69 
75 9 8.47 
75 10 8.69 
76 1 10.58 
76 2 11.37 
76 3 9.77 
76 4 11.19 
76 5 12.75 
76 6 11.23 
76 7 10.45 
76 8 11.62 
76 9 15.45 
76 10 8.6 
77 1 11.53 
77 2 17.95 
77 3 14.4 
77 4 13.76 
77 5 10.91 
77 6 11.26 
77 7 28.97 
77 8 17.76 
77 9 14.9 
77 10 14.17 
78 1 15.48 
78 2 13.75 
78 3 12.74 
78 4 16.77 
78 5 12.45 
78 6 22.24 
78 7 18.06 
78 8 15.13 
78 9 51.17 
78 10 36.35 
79 1 90.0 
79 2 56.19 
79 3 15.28 
79 4 30.81 
79 5 36.19 
79 6 76.97 
79 7 23.51 
79 8 24.64 
79 9 18.51 
79 10 48.25 
80 1 29.6 
80 2 43.06 
80 3 40.95 
80 4 125.81 
80 5 123.71 
80 6 98.26 
80 7 29.79 
80 8 55.59 
80 9 32.26 
80 10 22.4 
81 1 62.96 
81 2 13.46 
81 3 10.71 
81 4 12.03 
81 5 16.45 
81 6 10.87 
81 7 9.73 
81 8 10.08 
81 9 14.72 
81 10 13.96 
82 1 9.05 
82 2 9.27 
82 3 9.55 
82 4 16.32 
82 5 12.64 
82 6 11.88 
82 7 10.73 
82 8 12.91 
82 9 17.88 
82 10 13.76 
83 1 12.1 
83 2 11.35 
83 3 15.87 
83 4 15.69 
83 5 15.68 
83 6 12.23 
83 7 11.18 
83 8 15.82 
83 9 10.01 
83 10 11.32 
84 1 9.84 
84 2 12.81 
84 3 19.23 
84 4 10.51 
84 5 23.63 
84 6 15.02 
84 7 23.31 
84 8 13.99 
84 9 14.89 
84 10 15.09 
85 1 12.34 
85 2 19.16 
85 3 12.04 
85 4 10.11 
85 5 13.17 
85 6 15.66 
85 7 17.73 
85 8 16.08 
85 9 15.51 
85 10 18.98 
86 1 17.6 
86 2 15.59 
86 3 16.29 
86 4 14.21 
86 5 18.23 
86 6 16.68 
86 7 18.72 
86 8 16.71 
86 9 24.36 
86 10 22.69 
87 1 19.86 
87 2 19.83 
87 3 20.78 
87 4 35.06 
87 5 22.12 
87 6 17.07 
87 7 19.4 
87 8 25.77 
87 9 19.59 
87 10 22.77 
88 1 21.98 
88 2 29.5 
88 3 14.62 
88 4 11.18 
88 5 12.68 
88 6 14.23 
88 7 19.82 
88 8 14.37 
88 9 12.06 
88 10 11.93 
89 1 12.25 
89 2 17.36 
89 3 13.06 
89 4 14.71 
89 5 17.74 
89 6 16.15 
89 7 12.76 
89 8 14.44 
89 9 14.78 
89 10 15.35 
90 1 15.27 
90 2 11.75 
90 3 13.65 
90 4 11.38 
90 5 20.87 
90 6 10.8 
90 7 10.09 
90 8 10.43 
90 9 12.74 
90 10 14.12 
91 1 15.96 
91 2 10.02 
91 3 12.18 
91 4 16.05 
91 5 15.31 
91 6 13.28 
91 7 37.45 
91 8 16.91 
91 9 10.89 
91 10 12.86 
92 1 10.83 
92 2 12.79 
92 3 11.44 
92 4 16.83 
92 5 12.83 
92 6 23.31 
92 7 13.82 
92 8 15.08 
92 9 14.37 
92 10 21.55 
93 1 12.47 
93 2 11.42 
93 3 11.7 
93 4 14.38 
93 5 15.88 
93 6 15.32 
93 7 12.07 
93 8 18.86 
93 9 18.42 
93 10 13.68 
94 1 14.13 
94 2 17.06 
94 3 21.71 
94 4 13.07 
94 5 12.84 
94 6 12.98 
94 7 19.0 
94 8 16.21 
94 9 13.09 
94 10 15.07 
95 1 17.1 
95 2 13.47 
95 3 11.1 
95 4 11.26 
95 5 13.25 
95 6 17.37 
95 7 13.88 
95 8 12.52 
95 9 14.01 
95 10 16.04 
96 1 9.92 
96 2 9.67 
96 3 11.23 
96 4 11.42 
96 5 11.71 
96 6 11.89 
96 7 12.53 
96 8 13.78 
96 9 12.36 
96 10 14.35 
97 1 12.96 
97 2 11.48 
97 3 13.18 
97 4 14.17 
97 5 14.04 
97 6 12.11 
97 7 12.77 
97 8 12.2 
97 9 12.52 
97 10 12.53 
98 1 12.01 
98 2 12.29 
98 3 10.86 
98 4 10.79 
98 5 15.45 
98 6 14.59 
98 7 13.88 
98 8 13.61 
98 9 16.09 
98 10 14.61 
99 1 11.78 
99 2 10.97 
99 3 12.55 
99 4 11.6 
99 5 12.32 
99 6 12.01 
99 7 12.18 
99 8 15.12 
99 9 13.39 
99 10 15.45 
100 1 13.17 
100 2 13.92 
100 3 13.83 
100 4 25.06 
100 5 14.2 
100 6 12.94 
100 7 14.15 
100 8 12.88 
100 9 13.08 
100 10 12.86 

